  4.40  4.10  4.30  5.10  3.20  3.90  4.00  3.50  3.80  3.60  4.30  4.90  4.60  4.30  4.20  3.50  3.90  4.20  4.20  4.10  4.70  4.80  3.70  4.40  4.70  3.40  4.50  3.70  4.40  2.80  2.80
  4.10  3.79  4.69  3.52  3.86  3.94  3.82  4.13  3.37  3.94  3.65  2.75  3.92  3.94  4.54  4.80  5.73  5.10  5.09  4.13  4.52  3.87  3.40  2.98  3.38  5.66  5.59  2.81  4.31  1.13  2.80
  4.30  4.69  5.22  1.48  6.78  4.01  4.81  4.50  3.95  3.13  3.59  4.96  5.58  4.64  4.39  4.27  4.74  4.60  4.06  4.54  2.66  4.58  4.34  2.70  2.81  3.53  4.80  3.24  4.43  2.93  3.67
  5.10  3.52  1.48  2.67  3.61  4.62  4.53  4.07  1.09  2.85  3.56  3.52  3.86  4.26  4.56  5.29  1.89  4.96  3.71  4.12  3.52  3.50  4.96  3.91  3.23  4.51  2.98  2.82  2.06  3.98  2.83
  3.20  3.86  6.78  3.61  5.71  3.75  3.14  3.29  4.46  5.61  2.63  4.35  3.27  4.39  2.95  4.20  4.62  3.16  5.48  4.59  4.86  4.35  5.95  4.66  2.48  2.50  4.13  5.79  4.61  2.98  4.10
  3.90  3.94  4.01  4.62  3.75  2.62  2.99  3.49  3.75  3.74  1.70  5.01  4.38  5.54  4.75  4.21  4.51  2.71  1.76  5.18  3.22  5.15  4.48  5.89  4.05  3.21  4.39  4.26  3.82  3.42  3.41
  4.00  3.82  4.81  4.53  3.14  2.99  2.30  4.26  4.25  3.41  2.76  4.17  3.75  4.23  5.18  4.33  2.17  4.44  4.13  5.15  4.60  3.50  4.55  4.30  4.91  4.20  4.28  4.54  4.71  2.12  3.33
  3.50  4.13  4.50  4.07  3.29  3.49  4.26  2.85  4.21  4.04  1.71  4.25  4.59  5.08  3.86  3.95  5.24  3.61  5.20  3.60  1.88  3.47  3.85  6.33  3.80  4.71  4.54  3.33  4.46  2.96  3.07
  3.80  3.37  3.95  1.09  4.46  3.75  4.25  4.21  3.43  3.00  2.72  4.34  2.91  4.28  6.36  4.43  3.92  4.15  3.98  2.96  2.75  3.95  3.11  2.55  4.40  4.65  2.19  5.83  2.39  2.80  2.76
  3.60  3.94  3.13  2.85  5.61  3.74  3.41  4.04  3.00  4.15  2.65  3.15  2.92  5.43  4.40  4.87  5.09  3.92  3.35  4.22  3.40  4.35  3.89  4.19  3.50  5.10  3.75  4.28  4.57  3.73  2.00
  4.30  3.65  3.59  3.56  2.63  1.70  2.76  1.71  2.72  2.65  3.15  3.86  3.81  4.59  3.24  4.64  3.29  3.17  4.42  2.55  4.33  2.24  4.64  3.07  3.38  4.07  3.74  5.00  2.25  2.99  2.11
  4.90  2.75  4.96  3.52  4.35  5.01  4.17  4.25  4.34  3.15  3.86  3.20  4.67  2.49  3.12  5.05  1.98  2.57  4.34  3.91  3.39  4.86  3.27  4.10  4.50  5.24  2.99  3.39  4.16  2.08  2.53
  4.60  3.92  5.58  3.86  3.27  4.38  3.75  4.59  2.91  2.92  3.81  4.67  4.77  4.51  3.51  3.91  3.06  5.53  4.05  3.98  3.60  4.44  3.74  3.79  4.00  2.92  3.91  4.14  3.61  2.87  2.48
  4.30  3.94  4.64  4.26  4.39  5.54  4.23  5.08  4.28  5.43  4.59  2.49  4.51  4.54  4.93  4.76  3.08  5.22  5.19  4.41  4.35  4.26  5.47  5.21  4.73  4.66  3.26  4.32  4.92  2.97  1.03
  4.20  4.54  4.39  4.56  2.95  4.75  5.18  3.86  6.36  4.40  3.24  3.12  3.51  4.93  3.71  4.28  5.13  4.29  3.59  3.37  3.57  4.70  3.43  4.74  4.76  3.56  5.94  4.47  4.80  1.70  2.34
  3.50  4.80  4.27  5.29  4.20  4.21  4.33  3.95  4.43  4.87  4.64  5.05  3.91  4.76  4.28  4.67  2.78  3.67  3.06  2.86  4.31  5.53  2.23  4.42  5.23  3.37  4.23  3.71  3.19  3.70  3.28
  3.90  5.73  4.74  1.89  4.62  4.51  2.17  5.24  3.92  5.09  3.29  1.98  3.06  3.08  5.13  2.78  2.58  3.01  3.39  3.93  3.17  2.62  4.11  3.93  3.96  3.57  3.57  4.94  5.75  2.17  3.43
  4.20  5.10  4.60  4.96  3.16  2.71  4.44  3.61  4.15  3.92  3.17  2.57  5.53  5.22  4.29  3.67  3.01  4.00  4.00  4.94  5.42  4.46  3.97  6.30  3.02  3.37  4.43  4.79  4.68  2.92  3.77
  4.20  5.09  4.06  3.71  5.48  1.76  4.13  5.20  3.98  3.35  4.42  4.34  4.05  5.19  3.59  3.06  3.39  4.00  4.00  3.82  4.62  3.92  3.58  4.95  4.11  3.16  3.72  2.67  3.46  2.44  3.27
  4.10  4.13  4.54  4.12  4.59  5.18  5.15  3.60  2.96  4.22  2.55  3.91  3.98  4.41  3.37  2.86  3.93  4.94  3.82  4.62  5.20  4.16  5.35  5.81  4.66  4.81  3.44  2.38  3.51  4.35  4.31
  4.70  4.52  2.66  3.52  4.86  3.22  4.60  1.88  2.75  3.40  4.33  3.39  3.60  4.35  3.57  4.31  3.17  5.42  4.62  5.20  3.79  4.20  4.92  3.81  6.03  4.07  3.97  4.79  3.12  3.10  2.94
  4.80  3.87  4.58  3.50  4.35  5.15  3.50  3.47  3.95  4.35  2.24  4.86  4.44  4.26  4.70  5.53  2.62  4.46  3.92  4.16  4.20  2.40  3.05  3.40  4.95  4.61  4.83  4.07  3.24  2.99  3.95
  3.70  3.40  4.34  4.96  5.95  4.48  4.55  3.85  3.11  3.89  4.64  3.27  3.74  5.47  3.43  2.23  4.11  3.97  3.58  5.35  4.92  3.05  5.23  3.85  2.77  5.37  4.07  4.16  2.84  3.00  2.93
  4.40  2.98  2.70  3.91  4.66  5.89  4.30  6.33  2.55  4.19  3.07  4.10  3.79  5.21  4.74  4.42  3.93  6.30  4.95  5.81  3.81  3.40  3.85  3.44  5.36  5.78  5.09  4.30  2.27  2.16  2.70
  4.70  3.38  2.81  3.23  2.48  4.05  4.91  3.80  4.40  3.50  3.38  4.50  4.00  4.73  4.76  5.23  3.96  3.02  4.11  4.66  6.03  4.95  2.77  5.36  3.23  3.22  3.85  4.83  4.58  3.80  2.54
  3.40  5.66  3.53  4.51  2.50  3.21  4.20  4.71  4.65  5.10  4.07  5.24  2.92  4.66  3.56  3.37  3.57  3.37  3.16  4.81  4.07  4.61  5.37  5.78  3.22  5.13  5.16  4.77  4.86  4.04  2.60
  4.50  5.59  4.80  2.98  4.13  4.39  4.28  4.54  2.19  3.75  3.74  2.99  3.91  3.26  5.94  4.23  3.57  4.43  3.72  3.44  3.97  4.83  4.07  5.09  3.85  5.16  3.30  4.65  4.66  2.37  3.53
  3.70  2.81  3.24  2.82  5.79  4.26  4.54  3.33  5.83  4.28  5.00  3.39  4.14  4.32  4.47  3.71  4.94  4.79  2.67  2.38  4.79  4.07  4.16  4.30  4.83  4.77  4.65  5.48  4.65  2.25  1.97
  4.40  4.31  4.43  2.06  4.61  3.82  4.71  4.46  2.39  4.57  2.25  4.16  3.61  4.92  4.80  3.19  5.75  4.68  3.46  3.51  3.12  3.24  2.84  2.27  4.58  4.86  4.66  4.65  5.25  3.09  2.36
  2.80  1.13  2.93  3.98  2.98  3.42  2.12  2.96  2.80  3.73  2.99  2.08  2.87  2.97  1.70  3.70  2.17  2.92  2.44  4.35  3.10  2.99  3.00  2.16  3.80  4.04  2.37  2.25  3.09  2.37  2.73
  2.80  2.80  3.67  2.83  4.10  3.41  3.33  3.07  2.76  2.00  2.11  2.53  2.48  1.03  2.34  3.28  3.43  3.77  3.27  4.31  2.94  3.95  2.93  2.70  2.54  2.60  3.53  1.97  2.36  2.73  2.37
  0.60  1.60  7.50  0.40  5.80  7.20  2.30  6.20  4.90  8.20  0.70  6.80  7.20  1.20  6.90  6.50  3.30  3.50  6.80  4.00  1.10  1.20  3.70  3.20  0.40  0.60  5.00  4.20  0.80  0.40  0.40
  1.60  0.01  0.12  0.81  9.32 11.02 10.56  4.68  8.22  6.40  4.70  3.83  1.51  8.34  5.87  1.08  0.03  0.01  0.09 10.54  0.88  3.31  3.99  5.71  2.35  1.50  0.02  4.19  7.73  0.75  2.69
  7.50  0.12  0.01  7.21  0.06  2.36  2.10  5.23  1.84  0.07  1.76  1.49  0.80  5.61  7.65  9.54  0.01 10.76  6.48  8.91  8.69  3.27  0.87  0.93  9.06 13.36 10.11  0.86  0.87  0.48  0.42
  0.40  0.81  7.21  0.11  3.61  2.26  1.62  2.35  5.29  8.11  3.14  3.23  1.70  2.53  2.13  0.10  3.25  1.16  6.15  5.61  5.16  0.09  0.04  0.47  2.56  4.64  3.41  2.17  4.04  0.41  3.57
  5.80  9.32  0.06  3.61  0.01  4.42  9.15  6.81  1.13  0.12  7.93  5.13  0.75  2.36  7.81  1.11  0.29  3.90  0.12  2.45  1.72  5.59  0.30  3.83  3.40  0.57  8.85  0.03  3.28  1.53  0.06
  7.20 11.02  2.36  2.26  4.42  6.60  3.26  0.43  1.10  9.32  0.47  1.12  5.38  0.17  3.78  5.27  1.75  1.34  1.13  0.03  1.72  3.11  0.48  0.02  2.74  2.57  2.53  7.94  1.99  5.59  2.01
  2.30 10.56  2.10  1.62  9.15  3.26  9.55  1.04  6.28  7.56 10.99  5.72  1.82  8.31  5.79  9.95  4.41  4.28  4.58  0.76  6.37  6.53  0.84  5.62  2.46  4.92  3.01  0.98  2.94  1.36  0.71
  6.20  4.68  5.23  2.35  6.81  0.43  1.04  2.26  3.11  0.98  3.14  3.91  3.48  0.42  9.94  0.89  1.82  2.70  4.69  2.66  2.54  6.68  3.44  0.26  4.66  4.51  7.85  6.85  6.12  1.86  2.10
  4.90  8.22  1.84  5.29  1.13  1.10  6.28  3.11  2.22  2.39  4.04  2.24  5.52  4.09  0.04  0.86  1.82  1.56  3.13  0.88  3.80  2.24  1.13  6.81  4.62  0.96  8.11  0.04  6.25  2.71  1.67
  8.20  6.40  0.07  8.11  0.12  9.32  7.56  0.98  2.39  7.41  2.55 10.54  4.40  4.21  4.46  1.36  0.38 10.06  8.09  0.49  0.60  1.04  4.46  3.32  3.41  2.89  6.25  7.36  2.81  1.93  4.10
  0.70  4.70  1.76  3.14  7.93  0.47 10.99  3.14  4.04  2.55  0.01  0.30  5.29  0.85  3.92  2.50  4.42  4.25  1.32  8.15  3.00  3.42  0.01  3.89  4.94  9.05  1.95  0.50  3.26  0.46  4.08
  6.80  3.83  1.49  3.23  5.13  1.12  5.72  3.91  2.24 10.54  0.30  0.03  0.01  9.12  8.72  0.14  3.00  0.60  6.34 10.42  8.26  6.47  4.06  8.30  4.42  0.06  7.15  4.73  0.09  6.07  0.25
  7.20  1.51  0.80  1.70  0.75  5.38  1.82  3.48  5.52  4.40  5.29  0.01  2.96  4.76  5.80  1.62  0.66  1.55  6.70  7.90  5.69  4.72  7.94  3.36  1.03  0.23  0.47  7.28  0.69  0.04  1.45
  1.20  8.34  5.61  2.53  2.36  0.17  8.31  0.42  4.09  4.21  0.85  9.12  4.76  8.00  8.73  9.51  8.82  3.03  9.05  9.11  3.75  2.88  0.41  1.75 12.14  7.16  9.05  8.27  3.13  2.05  1.03
  6.90  5.87  7.65  2.13  7.81  3.78  5.79  9.94  0.04  4.46  3.92  8.72  5.80  8.73  6.41  4.29  3.29 11.26  8.09  8.32 10.53  8.37  2.28  9.53  8.69  8.14  0.36  5.65  6.75  2.82  4.16
  6.50  1.08  9.54  0.10  1.11  5.27  9.95  0.89  0.86  1.36  2.50  0.14  1.62  9.51  4.29  0.01  5.83  5.39  2.58  7.85  2.70  0.42  3.96  2.06  7.66  8.35  4.47  8.38  7.71  2.03  2.19
  3.30  0.03  0.01  3.25  0.29  1.75  4.41  1.82  1.82  0.38  4.42  3.00  0.66  8.82  3.29  5.83  5.95  8.58  7.13  2.35  3.07  4.89  3.52  0.36  0.89  1.43  2.14  0.11  0.03  2.22  0.50
  3.50  0.01 10.76  1.16  3.90  1.34  4.28  2.70  1.56 10.06  4.25  0.60  1.55  3.03 11.26  5.39  8.58  3.71  5.21  2.73  5.91  0.08  5.89  0.01  1.83  5.23  3.36  2.16  2.72  1.44  0.01
  6.80  0.09  6.48  6.15  0.12  1.13  4.58  4.69  3.13  8.09  1.32  6.34  6.70  9.05  8.09  2.58  7.13  5.21  3.23  6.92  5.95  8.50  2.72  6.41  2.06  2.86  6.25  4.83  5.94  3.04  0.63
  4.00 10.54  8.91  5.61  2.45  0.03  0.76  2.66  0.88  0.49  8.15 10.42  7.90  9.11  8.32  7.85  2.35  2.73  6.92  9.40  3.48  8.88  0.80  0.15  4.00  1.91  5.63  0.79  2.73  0.01  0.01
  1.10  0.88  8.69  5.16  1.72  1.72  6.37  2.54  3.80  0.60  3.00  8.26  5.69  3.75 10.53  2.70  3.07  5.91  5.95  3.48  6.94  7.79  5.39  6.87  0.43  4.16  9.54  9.90  7.08  3.96  1.49
  1.20  3.31  3.27  0.09  5.59  3.11  6.53  6.68  2.24  1.04  3.42  6.47  4.72  2.88  8.37  0.42  4.89  0.08  8.50  8.88  7.79  6.06  3.06  7.32  6.53  7.38  4.13  8.00  8.37  2.54  0.28
  3.70  3.99  0.87  0.04  0.30  0.48  0.84  3.44  1.13  4.46  0.01  4.06  7.94  0.41  2.28  3.96  3.52  5.89  2.72  0.80  5.39  3.06  0.09  1.79  2.73  0.34  1.52  3.40  0.02  0.65  3.79
  3.20  5.71  0.93  0.47  3.83  0.02  5.62  0.26  6.81  3.32  3.89  8.30  3.36  1.75  9.53  2.06  0.36  0.01  6.41  0.15  6.87  7.32  1.79  2.26  9.27  2.68  0.01  8.92  3.75  1.77  0.98
  0.40  2.35  9.06  2.56  3.40  2.74  2.46  4.66  4.62  3.41  4.94  4.42  1.03 12.14  8.69  7.66  0.89  1.83  2.06  4.00  0.43  6.53  2.73  9.27  6.71  5.07  7.14  4.39  3.15  0.33  2.63
  0.60  1.50 13.36  4.64  0.57  2.57  4.92  4.51  0.96  2.89  9.05  0.06  0.23  7.16  8.14  8.35  1.43  5.23  2.86  1.91  4.16  7.38  0.34  2.68  5.07  7.09  3.30  4.67  2.44  0.05  3.35
  5.00  0.02 10.11  3.41  8.85  2.53  3.01  7.85  8.11  6.25  1.95  7.15  0.47  9.05  0.36  4.47  2.14  3.36  6.25  5.63  9.54  4.13  1.52  0.01  7.14  3.30  0.67  4.64  4.89  1.84  1.34
  4.20  4.19  0.86  2.17  0.03  7.94  0.98  6.85  0.04  7.36  0.50  4.73  7.28  8.27  5.65  8.38  0.11  2.16  4.83  0.79  9.90  8.00  3.40  8.92  4.39  4.67  4.64  6.70  7.51  4.84  4.30
  0.80  7.73  0.87  4.04  3.28  1.99  2.94  6.12  6.25  2.81  3.26  0.09  0.69  3.13  6.75  7.71  0.03  2.72  5.94  2.73  7.08  8.37  0.02  3.75  3.15  2.44  4.89  7.51  9.34  1.45  3.16
  0.40  0.75  0.48  0.41  1.53  5.59  1.36  1.86  2.71  1.93  0.46  6.07  0.04  2.05  2.82  2.03  2.22  1.44  3.04  0.01  3.96  2.54  0.65  1.77  0.33  0.05  1.84  4.84  1.45  0.02  2.39
  0.40  2.69  0.42  3.57  0.06  2.01  0.71  2.10  1.67  4.10  4.08  0.25  1.45  1.03  4.16  2.19  0.50  0.01  0.63  0.01  1.49  0.28  3.79  0.98  2.63  3.35  1.34  4.30  3.16  2.39  1.63
 -1 -1  1  1  1  1  1  1  1  1  1  1  1  1  1  1 -1  1  1  1  1  1  1 -1  1 -1  1  1  1 -1 -1
 -1 -1 -1  1 -1 -1  1  1  1  1 -1  1  1  1  1 -1  1  1 -1  1  1  1  1  1  1  1  1 -1  1  1  1
  1 -1  1 -1  1 -1  1  1  1 -1 -1  1  1  1  1  1  1  1  1  1  1  1  1 -1  1  1  1  1  1  1 -1
  1  1 -1 -1  1  1  1  1  1 -1  1 -1 -1 -1 -1 -1 -1  1  1  1  1 -1  1  1  1  1 -1  1 -1 -1  1
  1 -1  1  1  1  1 -1  1  1  1  1  1  1 -1 -1  1  1  1 -1  1 -1  1  1  1 -1 -1  1  1  1  1 -1
  1 -1 -1  1  1 -1 -1 -1 -1  1 -1  1  1  1 -1 -1  1  1 -1 -1 -1  1  1 -1  1 -1  1  1  1  1 -1
  1  1  1  1 -1 -1  1  1  1 -1 -1  1  1  1  1  1 -1  1  1  1  1 -1  1 -1  1  1 -1  1  1  1  1
  1  1  1  1  1 -1  1 -1  1 -1 -1  1  1  1  1 -1  1  1  1  1  1  1  1  1  1  1  1  1  1  1 -1
  1  1  1  1  1 -1  1  1  1 -1  1 -1  1 -1 -1  1  1 -1  1  1  1  1  1  1  1  1  1 -1  1  1  1
  1  1 -1 -1  1  1 -1 -1 -1  1  1  1 -1  1  1 -1  1  1  1  1  1  1  1  1 -1 -1  1  1  1  1 -1
  1 -1 -1  1  1 -1 -1 -1  1  1 -1  1  1 -1 -1 -1  1  1  1 -1 -1 -1 -1  1 -1 -1 -1 -1 -1 -1 -1
  1  1  1 -1  1  1  1  1 -1  1  1  1  1  1  1 -1 -1  1  1  1  1  1 -1  1 -1  1  1  1  1  1 -1
  1  1  1 -1  1  1  1  1  1 -1  1  1  1  1  1  1 -1  1  1  1  1  1  1  1 -1  1  1  1 -1  1 -1
  1  1  1 -1 -1  1  1  1 -1  1 -1  1  1  1  1  1 -1  1  1  1  1  1 -1  1  1  1  1  1  1 -1  1
  1  1  1 -1 -1 -1  1  1 -1  1 -1  1  1  1  1  1 -1  1  1  1  1  1 -1  1  1  1 -1  1  1  1 -1
  1 -1  1 -1  1 -1  1 -1  1 -1 -1 -1  1  1  1  1 -1  1  1  1  1  1 -1 -1  1  1  1  1  1  1  1
 -1  1  1 -1  1  1 -1  1  1  1  1 -1 -1 -1 -1 -1 -1 -1 -1  1 -1 -1  1 -1 -1 -1 -1  1 -1 -1  1
  1  1  1  1  1  1  1  1 -1  1  1  1  1  1  1  1 -1  1 -1  1  1 -1  1  1  1  1  1  1  1 -1 -1
  1 -1  1  1 -1 -1  1  1  1  1  1  1  1  1  1  1 -1 -1  1  1  1  1  1  1  1  1  1  1  1 -1 -1
  1  1  1  1  1 -1  1  1  1  1 -1  1  1  1  1  1  1  1  1  1  1  1  1  1  1  1  1  1  1 -1 -1
  1  1  1  1 -1 -1  1  1  1  1 -1  1  1  1  1  1 -1  1  1  1  1  1  1 -1  1  1  1  1  1  1 -1
  1  1  1 -1  1  1 -1  1  1  1 -1  1  1  1  1  1 -1 -1  1  1  1  1  1  1  1  1  1  1  1 -1  1
  1  1  1  1  1  1  1  1  1  1 -1 -1  1 -1 -1 -1  1  1  1  1  1  1  1  1  1  1  1  1  1  1  1
 -1  1 -1  1  1 -1 -1  1  1  1  1  1  1  1  1 -1 -1  1  1  1 -1  1  1  1  1  1  1  1  1 -1 -1
  1  1  1  1 -1  1  1  1  1 -1 -1 -1 -1  1  1  1 -1  1  1  1  1  1  1  1  1  1  1  1  1  1  1
 -1  1  1  1 -1 -1  1  1  1 -1 -1  1  1  1  1  1 -1  1  1  1  1  1  1  1  1  1  1  1  1  1 -1
  1  1  1 -1  1  1 -1  1  1  1 -1  1  1  1 -1  1 -1  1  1  1  1  1  1  1  1  1 -1 -1  1  1  1
  1 -1  1  1  1  1  1  1 -1  1 -1  1  1  1  1  1  1  1  1  1  1  1  1  1  1  1 -1  1  1 -1 -1
  1  1  1 -1  1  1  1  1  1  1 -1  1 -1  1  1  1 -1  1  1  1  1  1  1  1  1  1  1  1  1  1  1
 -1  1  1 -1  1  1  1  1  1  1 -1  1  1 -1  1  1 -1 -1 -1 -1  1 -1  1 -1  1  1  1 -1  1 -1  1
 -1  1 -1  1 -1 -1  1 -1  1 -1 -1 -1 -1  1 -1  1  1 -1 -1 -1 -1  1  1 -1  1 -1  1 -1  1  1 -1
